10024515
10075817
10198227
10220572
10330006
10421658
10454528
10570049
10604957
10617675
10636865
10725273
10760098
10773005
10820137
10825452
10901697
10976543
10992002
10997946
11010964
11027568
11145223
11231118
11372002
11375950
11405287
11408360
11452702
11474784
11504826
11504828
11688982
11716514
11743742
11751127
11770010
11786185
11901101
11907637
11961113
11964599
12031686
12085361
12110607
12128170
12130727
12134945
12134946
12235265
12538813
12569305
12604693
12606755
12636153
12699389
12700464
12811363
12874005
12920197
1356264
14722317
14749696
15107849
15116058
15159445
15289793
15316089
15367706
15518608
15616150
15618649
15817714
15863325
15955871
16014768
16046661
16084850
16095503
16198658
16210916
16263091
16272756
16489126
16490820
16495352
16501004
16608919
16611857
1662481
16627748
16697742
16928358
17045309
17192770
17220244
17296622
17496208
17504223
17664327
17682070
17823233
17890094
17901929
17965255
17977516
17977676
18058507
18083034
18157518
18176327
18314419
18321482
18397960
18408886
18457386
18490433
18520949
18559608
18617601
18654741
18678495
18686197
18707884
18762717
18788725
18790787
18834354
18974612
18981167
19041296
19076159
19141712
19170519
19220985
19238654
19250834
19357179
19402665
19427995
19437106
19493273
19540211
19569219
19591196
19667285
19684012
19695392
19721074
19725578
19934028
20159988
20220747
20345483
20360303
20406852
20413454
20448812
20507927
20567254
20574995
20599802
20670210
20831193
20921968
21189339
21212936
21217360
21252289
21270793
21341745
21351087
21354800
21372390
21430235
21434975
21437911
21505084
21562485
21570282
21599003
21628496
21641380
21719246
21726197
21779389
21861202
22004608
22021325
22072731
22112208
22206629
22300367
22355035
22389472
22419765
22452412
22534868
22541068
22711709
22771883
22775210
22822035
22847220
22902721
22913740
22973893
23020787
23073734
23121773
23132334
23241029
23248200
23284953
23293300
23340295
23402418
23428312
23582785
23652407
23709117
23729661
23738582
23763587
23770354
23794501
23831208
23831870
23835420
23856525
23886114
23956101
23967177
23984907
24001450
24026623
24036158
24040847
24042472
24122511
24150606
24184213
24246570
24295974
24338900
24398510
24440960
24491572
24550332
24617605
24646860
24688079
24692216
24747579
24754247
24807167
24867984
24961373
25060604
25117183
25155823
25165131
25223504
25310383
25414411
25466967
25477469
25521244
25587128
25739790
25855895
25914645
26037524
26327616
26330539
26340566
26374172
2646988
26659468
26668209
26696140
26700956
26702643
26748647
26774038
26927160
26951201
26961540
26974526
26976869
27178732
27256812
27271370
27273004
27321165
27324234
27350110
27393949
27418674
27458210
27503646
27504015
27550354
27645247
27676604
27684210
27737931
28093031
28104831
28179375
28209616
28223391
28230985
28281384
28283500
28320730
28373111
28428365
28455521
28456731
28499878
28535976
28562037
28615288
28630284
28737453
28749581
28801980
28841513
28926871
28971610
29061131
29236753
29277663
29307856
29498478
29627897
29748863
29882324
29884691
29888219
29915999
30012768
30114293
30361780
30442649
30443705
30449032
30605260
30648735
30656943
30706983
30745395
30891606
31034908
31047942
31322418
31341258
31371478
31437515
31506301
31511257
31514980
31542894
31571146
31740393
31834804
31836927
32129697
32334013
32344570
33256506
7514263
7562598
7681059
7805856
8100632
8621716
8842452
9187257
9262363
9355767
9380680
9531522
9751076
9794924
9914792
